OGN|W|2025-09-01|0,1,4,5,6,7,8,9,10,11,12,13,14,15,16,17,18,19,20,21,22,23,24,25,26,27,28,29,30,31,32,33,34,35,36,37,38,39,40,41,42,43,44,45,46,47,48,49,50
OGN|L|1799.76,1950.0,1574.97,1399.99,1374.99,1209.99,1000.0,1299.0,1499.99,1689.99,1749.99,1824.99,1739.99,1896.98,1600.0,1574.99,1400.0,1499.99,1775.0,1699.0,1806.51,1450.0,1370.0,1650.0,1749.0,1778.0,1815.0,1819.99,1973.99,1949.99,1814.99,1564.98,1499.99,1149.49,1176.0,1124.98,1099.99,975.0,1020.0,1000.0,1100.0,1100.0,1375.0,1594.0,1799.0,1849.99,1785.0,1549.0,1711.46
OGN|H|1799.85,1950.0,1574.97,1568.99,1449.82,1396.69,1400.0,1545.0,2111.0,1799.95,1999.98,1919.95,1985.0,1919.99,1919.65,1919.65,1799.95,1855.98,1839.98,1859.99,1838.95,1838.95,1724.99,1774.98,1849.99,1835.91,1852.69,1995.0,2299.99,1999.0,1945.0,1832.99,1700.0,1524.98,1299.99,1249.99,1249.99,1169.99,1127.7,1198.98,1239.99,1395.95,1649.99,2000.0,2465.99,2089.0,2000.0,1849.97,1711.46
OGN|M|1353.25,1377.12,1385.36,1506.74,1422.16,1336.74,1341.53,1449.41,1774.4,1737.39,1887.82,1907.13,1880.09,1896.48,1731.8,1672.09,1564.92,1575.22,1799.45,1822.04,1818.3,1704.16,1377.64,1642.87,1777.35,1808.73,1817.11,1847.37,1941.65,1991.38,1982.02,1660.74,1591.38,1219.55,1217.14,1183.41,1145.44,1020.58,1080.6,1103.95,1174.67,1257.3,1473.02,1847.76,1982.71,2017.01,1907.57,1622.33,1624.39
SPF|W|2025-11-10|0,1,2,3,4,5,6,7,8,9,10,11,12,13,14,15,16,17,18,19,20,21,22,23,24,25,26,27,28,29,30,31,32,33,34,35,36,37,38,39
SPF|L|1499.94,1499.94,1499.9,1499.9,1999.98,1999.97,1949.97,1450.0,1693.7,1471.99,1490.0,1464.99,1350.0,1150.0,1099.99,1036.96,940.0,975.0,900.0,899.99,799.99,839.99,890.0,839.99,879.88,856.95,840.48,839.88,728.92,728.92,813.99,728.92,790.0,790.0,779.97,1000.0,1129.93,1159.99,1200.0,1099.0
SPF|H|1499.98,1499.96,1499.95,1800.0,1999.98,1999.97,1949.97,1849.88,1694.64,1651.95,1606.94,1509.98,1499.89,1469.88,1424.99,1199.0,1148.97,1023.98,1024.68,984.99,959.97,915.0,908.99,915.0,886.97,886.93,856.96,856.0,840.0,828.89,834.95,834.95,834.95,834.95,1080.0,1195.5,1195.5,1339.98,1364.98,1299.99
SPF|M|1499.95,1499.95,1499.94,1511.94,1531.94,1551.94,1609.94,1595.7,1642.32,1566.52,1533.07,1498.38,1462.15,1276.06,1127.54,1123.76,1029.58,991.2,990.8,967.82,918.07,886.3,889.76,892.73,892.11,879.98,856.96,844.61,821.77,808.59,803.7,811.53,804.75,817.24,924.37,1118.84,1165.5,1228.7,1266.13,1137.02
UNL|W|2026-03-02|0,2,3,4,5,6,7,8,9,10,11,12,13,14,15,16,17,18,19,20,21,22,23
UNL|L|1679.05,1654.05,1642.4,1200.0,1163.99,1040.82,977.92,864.98,708.01,644.99,599.75,600.0,555.0,640.0,649.99,550.0,539.99,619.9,649.99,724.98,724.97,699.99,858.5
UNL|H|1679.99,1654.05,1642.4,1614.62,1219.99,1200.0,1029.91,979.1,884.92,794.69,723.6,680.0,724.95,722.9,694.9,664.97,659.85,690.0,828.97,875.0,897.98,894.5,1170.0
UNL|M|1679.52,1671.03,1658.4,1423.2,1342.58,1107.32,991.49,884.33,718.51,671.35,619.92,656.24,662.2,666.36,677.51,651.33,629.2,647.17,758.41,852.2,858.29,837.27,889.56
VDT|W|2026-06-15|0,1,2,3,4,5,6,7,8,9
VDT|L|879.44,808.96,699.8,719.98,819.63,744.69,699.99,795.0,799.0,949.99
VDT|H|894.75,859.5,799.95,889.0,871.65,849.64,869.99,968.99,949.4,949.99
VDT|M|888.39,844.77,711.32,852.02,851.24,806.07,807.64,904.5,885.51,885.54
