OGN|W|2025-09-01|0,1,4,5,6,7,8,9,10,11,12,13,14,15,16,17,18,19,20,21,22,23,24,25,26,27,28,29,30,31,32,33,34,35,36,37,38,39,40,41,42,43,44,45,46,47,48,49
OGN|L|1799.76,1950.0,1574.97,1399.99,1374.99,1209.99,1015.99,1299.0,1583.97,1700.0,1800.0,1844.44,1739.99,1899.98,1611.99,1575.0,1400.0,1505.99,1799.96,1699.0,1814.25,1474.99,1384.95,1749.99,1768.98,1778.0,1815.0,1919.98,1985.7,1949.99,1814.99,1575.0,1499.99,1149.49,1178.28,1128.82,1109.99,999.99,1028.96,1024.99,1109.99,1129.99,1384.9,1599.0,1799.99,1849.99,1788.0,1549.0
OGN|H|1799.85,1950.0,1574.97,1568.99,1449.82,1396.69,1422.98,1548.0,2111.0,1835.94,2035.97,1945.99,1985.0,1979.94,1919.65,2019.65,1799.95,1855.98,1868.94,1859.99,1838.95,1838.95,1759.98,1774.99,1849.99,1835.91,1852.69,1995.0,2324.98,1999.0,1945.0,1848.99,1710.99,1524.98,1299.99,1249.99,1249.99,1169.99,1127.98,1198.98,1257.98,1430.99,1649.99,2000.0,2465.99,2089.0,2029.94,1849.97
OGN|M|1353.25,1377.12,1385.36,1506.74,1422.16,1336.74,1341.53,1449.41,1774.4,1737.39,1887.82,1907.13,1880.09,1896.48,1731.8,1672.09,1564.92,1575.22,1799.45,1822.04,1818.3,1704.16,1377.64,1642.87,1777.35,1808.73,1817.11,1847.37,1941.65,1991.38,1982.02,1660.74,1591.38,1219.55,1217.14,1183.41,1145.44,1020.58,1080.6,1103.95,1174.67,1257.3,1473.02,1847.76,1982.71,2017.01,1907.57,1774.23
SPF|W|2025-11-10|0,1,2,3,4,5,6,7,8,9,10,11,12,13,14,15,16,17,18,19,20,21,22,23,24,25,26,27,28,29,30,31,32,33,34,35,36,37,38,39
SPF|L|1499.94,1499.94,1499.9,1499.9,1999.98,1999.97,1949.97,1470.0,1693.74,1496.98,1490.0,1464.99,1385.99,1169.99,1100.0,1100.0,964.99,986.98,924.99,908.0,896.99,882.0,899.99,874.98,879.88,856.95,840.48,839.88,824.99,763.91,813.99,799.99,799.99,799.99,829.99,1006.99,1139.99,1159.99,1229.99,1099.0
SPF|H|1499.98,1499.96,1535.89,1800.0,1999.98,1999.97,1949.97,1849.88,1729.69,1687.94,1606.94,1535.94,1499.94,1497.97,1424.99,1234.96,1148.97,1035.97,1050.97,984.99,981.95,939.98,908.99,939.98,886.97,886.93,858.5,856.0,840.0,838.87,834.95,834.95,834.95,834.95,1080.0,1264.97,1234.88,1339.98,1389.97,1309.98
SPF|M|1499.95,1499.95,1499.94,1511.94,1531.94,1551.94,1609.94,1595.7,1642.32,1566.52,1533.07,1498.38,1462.15,1276.06,1127.54,1123.76,1029.58,991.2,990.8,967.82,918.07,886.3,889.76,892.73,892.11,879.98,856.96,844.61,821.77,808.59,803.7,811.53,804.75,817.24,924.37,1118.84,1165.5,1228.7,1266.13,1206.43
UNL|W|2026-03-02|0,2,3,4,5,6,7,8,9,10,11,12,13,14,15,16,17,18,19,20,21,22,23
UNL|L|1679.05,1654.05,1642.4,1220.0,1163.99,1040.82,977.92,884.86,710.0,654.99,609.0,609.0,564.99,654.99,676.72,569.99,539.99,629.95,690.0,724.98,724.97,724.97,858.5
UNL|H|1697.98,1654.05,1642.4,1639.61,1219.99,1235.0,1039.94,1001.99,908.93,794.69,723.6,749.98,724.95,749.98,749.98,664.97,659.85,690.0,828.97,875.0,897.98,894.5,858.99
UNL|M|1679.52,1671.03,1658.4,1423.2,1342.58,1107.32,991.49,884.33,718.51,671.35,619.92,656.24,662.2,666.36,677.51,651.33,629.2,647.17,758.41,852.2,858.29,837.27,858.46
VDT|W|2026-06-15|0,1,2,3,4,5,6,7,8
VDT|L|879.44,808.96,699.88,719.98,848.95,750.0,724.98,819.99,818.99
VDT|H|894.75,859.5,816.64,892.98,929.98,854.63,969.99,968.99,985.39
VDT|M|888.39,844.77,711.32,852.02,851.24,806.07,807.64,904.5,877.31
