652812|76.99,75.99,75.9
652905|65.98,66.95,65.99,66.49,65.99
652996|44.95,45.98,44.99,45.98
652946|43.97,48.44,45.61,46.02,45.46
653038|39.99,50,39.99,39.99,39.99
652992|31.98,30,34.37
652906|36.9,31.5,31.5,31.5
652898|26.5
653042|25.84,19.99,21,21
652801|19.97,19.96,19.98
652941|18.62,20.49
652855|17.99,18,17.99,22.36,18.98
652814|17,18.39,18.3,18.3
652902|15.49,15.49,15.49,15.5,16.24
652950|15,14.8,14.9,13.99,13.99
652861|13.62,14.46,14.64,12.99,12.5
652972|10.99,11,11,11.99
653041|9,10.48,13.15
652811|10.89,9.4,7.9,9.4,10.49
653068|7.57,7.58,10.99,9.07,10.07
652901|9.36,9.36,29.98,9.36,9
652951|7.5,9.12,8.3,8.22,9.96
653060|7.99,7.99,9.62,8.25,10.49
652903|6.99,6.99,6.99,6.99
652948|8.92,6.72,6.72,6.71,16.61
652810|5.99,8.45,5.67,8.4,8.29
653062|10.78,7.31,7.31,7.5
653050|5.49,5.49,7.53,5.49
652984|5.98,5.5,5.5,5.5,5.84
652821|5.28,4.73,5.39
653018|4.51,3.73,4.8,4.51
652947|7.96,2.9,2.9,4.49,6.38
653066|7.95,4.75,5.81,5.08,4.54
652797|3.21,3.5,10.74,5.49,4.99
652985|4.74,3.25,5.88
652850|4.78,4.77,4.49,4.49
652862|5.09,5.64,5.5,4.59,25.98
652993|4.79,4.29,4.98,4.79,4.29
653054|2.9,5.75,13.38,4.49
653043|2.8,4.29,3.06,3.5,4.29
653048|3.99,3.2,4.61,4.48
653053|4.15,5.98,3.07,4.16,3.07
652990|3.49
653046|4.2,4.3,2,3.67,3.49
652858|3.57,3.99,3.07,4.83,4.99
652798|2.98,2.37,2.99,4.18
652834|2.94,2.94,1.48,2.43,1.87
653058|2.64,3.31,2.12,3.86
653026|3,3.66,2.31
653028|1.25,1.25,3.5,3.21,1.72
652896|1.25,1.25,1.33,1.34,2.79
652997|1.25,1.48,3.37,2.24,1.39
652981|2.29,1.99,0.8
653064|2.98,2.49,3.99,3.98,3.98
652842|1.65,2.48,2.49,2.99
652891|0.9,0.96,1,0.97
653030|2.44,2.99,3.49,3.16,2.96
652860|1.01,2.5,1,2.5,1.4
652897|2.84,22.98,1.79,2.98,1.48
652815|2.49,2.49,1.7,1.57
652995|9.05,1.23,2.72,1.43,1.09
652886|2.29,0.75,2.29,1.3
653006|1.04,0.93,3.22,1.04,1.04
652852|2.16,0.67,2.6,2.6,2.49
653056|1.47,0.35,2.39,1.06,1.3
652856|1.98,0.96,2.2,1.89,2.14
652962|1.94
653052|1.91,2.49,2.02,0.98,2.49
652819|2.44,2.74,2.49,1.01,2.38
653037|1.99,0.89,2.41,3.26,0.85
653039|2.59,1.11,7.78,2.01
652987|1.06,0.25,0.25,1.79,0.82
652885|0.96,0.25,2.48,2.08
652940|0.58,1.79,1.84,2.49,2.34
652844|1.99,0.5,1.2,0.74,2.22
652975|2.21,0.72
653015|1.99,0.69,0.69,0.69,0.69
652968|0.57,2.11,1.89,0.62
652970|1.3,2.08,0.59
652986|1.74,1.75,20.98,0.56
652929|1.99,0.59,0.75,2.04
652922|0.44,20.98,0.25,0.83,0.75
652853|1.69,1.84,1.69,0.2,0.5
652783|0.43,0.43
652890|1.69,1.88,0.32,0.45
653059|6.25,2.08,1.69,1.96,0.47
652808|1.74,1.74,1.89,0.43
652809|0.5,0.42,2.39,2.18
653065|0.49,1.76,0.33,0.42
652836|1.74,0.42,0.42,0.42,0.42
652989|0.51,0.42,1.75,2.24,0.39
653027|0.43,1.1,1.86,1.62,2.24
653032|0.4,1.65,0.42,3.24,2.15
653002|1.69,1.79,0.55,0.2
652893|1.7,0.38,0.44,0.4
653035|1.69,2.12,1.78,0.37,1.19
652982|0.32,0.35,0.4,0.36,0.4
653084|0.37,0.38,0.38,0.38
652945|1.74,1.64,1.64
653057|1.42,1.75,2.29,0.39,0.4
652939|1.74,0.38,0.37,0.38
652800|1.64,1.64,1.59,1.64,1.64
653061|1.64,1.64,2.39,1.64,1.73
653063|0.25,0.75,0.34,0.27,0.36
653067|1.75,1.82,0.33,0.3,0.31
652806|0.32,0.32,0.35,1.64
652979|0.33,0.42,0.27,2.54,1.59
652884|1.71,0.75,1.77
652932|0.35,0.45,1.68,0.4,0.49
652991|0.39,0.3,0.3,1.58,0.3
653020|1.64,0.3,0.14,0.3,0.14
653049|0.34,0.31,0.26,2.21,0.4
652793|1.68,1.81,1.8
652892|1.68,0.5,1.82,0.35
652899|0.5,0.3,0.32,1.72,0.21
652840|0.31,1.76,0.37,1.74
652978|1.59,0.26,0.1,0.29
652846|0.4,1.58,4.34,0.35
652895|1.69,0.31,1.79,0.4
652933|0.25,0.27,0.26,0.27
653089|0.27,0.27,1.75
653047|1.24,1.72,0.25,0.4,0.75
652876|0.24,0.3,1.74,0.5,1.74
653034|0.28,1.6,0.35,0.5
652802|0.33,0.25,0.69,0.26,0.25
652943|0.28,0.05,7.22,2.89
652848|0.29,2.24,1.76,1.76
653088|1.74,0.25,0.26
652837|2.03,0.25
652974|0.23,1.69,1.71,0.24
652935|0.26,0.28,0.18,0.28,0.4
652851|2.03,0.27,0.25,1.68
652912|0.12,1.61
653045|1.69,2.24,1.73,0.27,2.24
653082|1.69,1.69,2.54,0.25,1.19
652916|1.75,0.26,0.1,1.59
653023|1.64,1.64,1.64,1.64,0.96
653014|1.68,1.64,0.25,0.18,1.59
653029|0.24,1.79,0.26,0.25,0.26
652807|0.24,0.23,0.2,0.4
652832|0.33,0.25
653074|0.35,2.24,0.25,0.28
652845|1.64,1.89,0.28,0.25,2.24
652924|1.59,0.24
652887|0.25,0.1,0.3,0.31,1.09
653091|1.69,1.69,3.49,0.25
653090|1.64,1.64,1.75,1.72
652961|1.68,0.29,0.26,1.68
653083|1.7,1.72,0.25,0.23,0.25
653051|0.25,0.24,1.82,1.59
652833|0.29,0.3,0.49,0.18
652942|0.16,0.23,0.22,1.7,0.25
652822|1.64,0.3,1.61,1.65
653085|1.64,1.75,0.22,0.23
652795|0.25,1.69,1.68
653092|2.19,0.24,2.1,1.69
652874|0.21,0.24
652847|0.22,1.04,0.25,2.09
652958|1.68,1.59,1.59,0.25,2.52
652863|1.68,0.25,1.61,3.27
652934|0.2,0.25,1.94,1.08,0.4
653070|0.21,1.14,1.65,1.64,1.64
653117|1.66,0.51,1.66,7.18,0.17
653025|0.5,1.81,0.05,1
652804|2.24,1.56,0.2
652925|0.26,1.79,1.94,1.12
652796|0.2,0.08,1.53,1.79,1.03
652823|0.25,0.05,1.74,0.25,0.25
653073|0.25,1.59,1.09
652888|0.1,1.59,0.19,1.09
652938|0.2,0.2,0.22,1.67,1.93
653086|2.03,0.2,1.57
652792|1.59
653081|1.64,1.59,0.25,1.67
652869|1.64,0.15,1.59,1.09,1.64
652774|1.64,1.63,0.2,0.08,1.57
652965|0.23,0.16,0.25,1.61
653031|1.8,0.25,7.23,0.05
653019|2.03,0.16
653076|1.6,0.25,1.74
653055|0.25,0.25,0.15,1.54
652900|0.25,0.18,0.25,0.2
652973|0.05,0.05,0.18,0.25,1.54
653000|1.54,0.24,1.63
653080|0.12,0.25,1.74,1.12
652780|0.25
652920|0.05,2.25,0.3,0.05
652980|1.59,1.59,1.09
652880|1.64,1.36,0.24,20.34,0.07
660171|1.63,0.2,2.15,1.64,0.11
653072|1.59,1.59,1.65,1.66
652937|0.1,1.6,0.25,0.3,0.15
652877|1.56,0.07,0.25,1.56
652889|1.54,1.51,0.1,1.51,0.1
652817|1.88,0.15,1.6,1.59,1.6
652849|1.65,1,1.65
652878|0.1,1.58,3.14,0.25
652883|0.16,1.04,0.17
653012|1.63,1.59,1.54
653075|1.54,1.59,1.54,1.54
652879|2.14,1.54,0.25,1.54
653077|2.09,0.25,1.6
652930|1.54,0.05,0.75
652794|1.34,0.2
652839|1.75,0.14,1.07,0.2
652928|1.7,1.57,3.18,1.63
652872|1.54,0.16,0.05,0.16
652867|0.05,0.05
652954|0.08,1.57,1.57,1.57,1.57
653071|1.9
653010|0.05,0.25,2.19,1.54
652828|1.54,0.24,2.14
652791|1.54,1.59
652838|0.05,0.05,1.64,1.52
652873|0.11,1.54,1.54
652882|0.5,0.05,0.25
653003|1.54,0.1
652865|1.54,1.52,0.05
652911|0.15,1.54,0.2,0.1
652875|1.74,0.25
652918|1.3,0.13,0.25,0.05
652919|0.08,0.15,0.75
653004|1.59,0.25,1.54
652784|1.54,0.25,0.25,1.59
652881|0.1,0.05
652917|1.3,0.07,1.5
653087|0.2,0.25,1.59,1.03
652976|1.61,0.3
652835|0.11,1.53,0.15,0.4
652824|1.5,0.15,0.1,1.54
652969|1.63
662994|1.59,1.59,0.25,0.05,0.06
652977|0.05,1.65,1.52,0.03,0.4
652781|0.06,0.05
652785|0.49,0.1
652909|1.56,1.59,1.56,1.56
653007|2.13,0.08,1.57,1.9,1.57
652805|2.24,1.19,0.3,0.1,0.1
652971|2.12,0.15,1.54,1.57
653011|1.54
652777|1.6,0.07,1.55,1.59,1.55
652788|1.55,0.19
652789|1.58,0.1,1.59
652820|0.23,0.1,1.54
660170|1.55,0.2,0.25,1.68,0.05
652826|2.45,0.1
653021|1.51,0.15,0.12,1.57,0.02
652913|1.5,1.71
653078|1.54,1.04,1.54
652956|0.25,2.59,0.3,0.1
653079|1.6,0.25,0.1,0.03
660169|1.57,0.25,1.57,0.1
652999|0.06,1.5,1.65,1
652926|0.04,0.09
652957|0.5,0.11,0.1,0.09,1.5
652953|0.15,1.5,1.56
652787|0.03,0.15,0.05,0.1
652786|1.59,0.1
653017|0.05,0.03,0.15,1.52
652960|0.06,0.4,0.09
652771|1
652827|2.45,1.5
653016|0.07,0.05,1.54,0.25
653022|1.64,1.5
653024|1.19,0.05,0.09,1,1
652779|0.1,1.5,0.2
652907|0.05,1.5
653069|0.25,1.52,1.52
652931|0.07,1.5,1.5,1.54,1.54
653005|1.54,0.07
652923|0.08,0.08,1.57,0.08,1.54
652959|1.54,2.05,0.25,0.2
652775|1,0.05
652964|0.1,0.2,0.25
652790|0.07,1.7,1.76,0.1
652830|0.07,1.5
652772|0.04,0.05,1.5
652921|0.15,1.58,1
652914|0.05,0.06,0.2
652782|1,0.03,1.79
652868|0.05,1.52,0.07
652864|0.25,1.5,1
653001|1.65,1.5,1.54
652776|0.05,0.15,1
652831|0.06,0.1,0.05,1.5
652967|1.5,0.04,0.02,1.51
652829|0.08,1,1.64,0.1,1.52
652841|1,1.56
652866|0.04,1.5,0.05
652963|1,0.04,0.05,0.01
652871|0.05,0.1,0.15,1.53
652908|1.57,0.04,0.01,0.15
652773|0.15,1.54,0.1,1.5
652966|0.04,0.2,0.07,0.07
653009|0.04,0.05,0.2,0.05,0.03
653013|0.04,0.05
652825|0.05,0.01,0.1,0.01
