653102|6500.0,6498.69,4100.0,3800.0,3800.0
653094|7800.0,6399.99,2250.0,3709.0,3999.99
653114|3000.0,2200.0,1900.0,2000.0,2000.0
653098|2998.69,2300.0,2200.0,1847.99,1700.0
653104|2004.99,2000.0,1950.0,1950.0,1945.0
653110|1906.26,1904.99,1900.0,1890.11
653108|1100.0,1099.99,1099.95,969.01,970.0
653106|2000.0,1599.99,900.0,750.19
653096|1099.45,1000.0,999.0,999.99,1170.4
653112|1500.0,1001.0,795.0,791.0
653116|999.95,592.45,649.31,648.0
653100|749.99,800.0,755.97,1000.0,600.0
664913|6899.99,7400.0,6600.0,4899.99,4999.89
664930|2596.77,2300.0,2300.0,3374.99,2199.0
664938|2289.95,1000.0,1899.0,1898.67
666783|1300.0,1149.0,1199.01,1199.0
668213|1650.0,1649.99,1649.99,1199.99,999.99
668211|1025.0,900.0,835.0,800.0,840.0
666469|800.0,849.38,770.0,790.0,777.77
666787|550.0,700.0,639.0,645.0,639.99
664941|615.0,600.99,600.99,602.79,599.99
668215|650.0,615.0,600.0,575.0,565.96
665645|491.0,499.45,481.0,480.0,480.0
668208|599.99,300.53,499.5,500.0,450.0
684506|2000.0,1899.0,2000.0,1999.99,2259.69
685609|865.05,1301.49,1300.0,1290.0
685522|1099.0,850.0,850.0
685607|895.01,720.0,704.0,650.0,620.0
685524|700.0,944.44,900.0,825.0
685525|724.99,488.81,721.99,749.95,889.45
685605|597.5,575.0,600.0,620.0,599.0
684502|750.0,850.0,850.0,475.49,450.0
684521|599.99,599.98,487.03,485.5,486.99
685526|659.99,503.12,504.69,650.0,650.0
684210|574.95,357.26,540.0,619.0,550.0
684504|355.65,722.22,599.98,594.99,467.58
709668|3500.0,3900.0,3499.99,3000.0,2799.98
709666|1359.99,1250.0,1252.99,1200.0,1400.0
709667|995.0,1060.68,1100.0,1151.99,1299.95
709103|1399.99,1398.95,1350.0,1200.0,1499.99
709669|1100.0,1150.0,1240.0,1175.98,1175.0
709304|668.0,669.69,669.69,678.9,681.39
709102|530.0,495.0,495.0,494.5,500.0
708197|440.19,430.0,441.5,420.69,485.0
708198|464.99,475.0,465.0,473.99,476.49
653101|360.0,395.0,389.99,389.98,398.49
653093|316.95,347.99,323.0,319.99,316.94
653109|172.0,174.0,175.99
653113|185.0,183.33,185.0,182.0,182.0
653097|138.21,129.0,129.0
653103|131.73,125.0,130.99,130.0
653111|108.0,109.0,114.65,110.1
653115|84.0,86.5,86.3,82.98,82.99
653105|81.99,79.51,81.0,79.51,80.0
653107|86.75,87.98,87.98,87.97,88.0
653095|62.87,68.65,68.64,67.97
653099|66.81,68.97,60.91,60.99,60.0
664881|700.0,800.0,850.0,765.0,698.99
664929|302.99,299.95,297.96,278.68,287.29
664937|276.03,298.42,300.0,289.95,270.0
668212|191.54,190.55,189.99,189.0,193.0
664882|210.0,210.99,215.99,214.68
666784|135.0,145.99,145.99,145.0,148.0
665134|107.69,110.0,118.49,119.0
666781|124.99,125.0,121.98,123.99
665133|158.99,158.7,168.51,78.04
666780|101.92,105.99,104.99,100.0,102.27
664931|124.99,107.44,99.99,109.0
664940|87.0,87.89,89.99,89.0,88.39
666465|98.49,93.5,70.0,99.99,78.99
666468|85.0,82.25,80.0,79.03,82.25
666788|80.0,78.67,78.67,78.66
668210|58.99,63.99,62.49,63.99
664933|69.51,69.5,70.01,74.99
666785|69.76,71.0,61.43,71.0,69.73
666789|64.8,65.53,62.99,63.0,65.53
668214|70.0,69.29,62.3
666779|65.0,65.51,65.67
666782|61.08,62.58,59.38,69.1
664944|45.0,45.5,46.0
666467|53.47,58.97,55.0,58.0
664932|59.25,49.0,55.0,59.49,55.0
666786|51.99,51.98,51.0,52.99,57.99
668209|54.15,54.94,48.17,60.0,54.94
664883|45.0,40.0,42.0,42.99,44.49
664942|46.49,48.48,47.99
665644|40.0,38.73,42.76,43.19,43.99
685925|3300.0,2999.0,2550.0,2200.0,2000.0
684505|245.0,230.0,239.99
684632|225.0,220.0,209.99,230.0,215.11
684633|182.0,179.99,181.74,182.99
685608|126.01,128.0,130.0,130.28,128.0
684628|128.95,125.0,125.0,120.0,128.11
684635|105.0,107.99,118.08,120.0
684638|120.0,120.0,120.0,119.95
684636|107.06,113.06,108.21,107.0,103.44
685603|149.95,73.96,150.0,150.0
685606|102.31,99.99,102.99,102.99,100.0
685604|101.67,96.82,98.99,95.0,93.4
685521|90.31,82.31,80.0,91.17,74.0
684501|88.5,84.99,75.46,84.74,84.74
685602|67.0,68.99,68.98,74.0,73.74
684507|96.49,95.0,70.43,70.22
684503|72.47,70.0,71.49,74.0
684517|52.0,57.64,53.01,52.16,55.99
685527|42.0,48.59,45.0,44.0
706095|429.99,429.59,445.0,440.0
706033|258.02,298.5,289.95,274.05,271.6
706111|230.33,223.49,230.0,234.99,235.0
707626|224.99,208.99,208.6,220.0,209.99
706059|188.0,179.99,189.99,219.99,189.99
707650|235.0,250.0,244.01,210.0,245.0
706014|157.25,150.0,178.6,164.51
707627|167.95,137.53,135.0,199.99,200.0
707646|150.7,134.95,140.0,139.65,143.5
706047|120.0,123.95,123.95,123.46,123.99
706091|140.0,144.0,141.99,130.9
707660|111.5,114.97,113.48,113.0,111.9
706118|130.0,124.99,122.0,130.0,107.99
706029|100.0,99.6,97.3,98.0,99.0
706039|109.0,112.79,112.99,112.99
706061|105.94,104.41,100.0,120.0,105.73
707655|97.99,95.0,93.5,98.0,98.0
707631|88.0,87.0,97.16,95.84,97.15
706046|94.0,94.99,95.74,95.7,95.69
707693|85.0,83.25,84.99,86.81,89.0
707658|82.65,84.0,84.0,84.79
706024|80.75,79.99,75.0,74.5,74.5
706119|80.0,78.35,78.1,76.61,76.49
707678|80.0,74.0,79.0,74.91,76.99
707675|67.0,67.9,69.53,69.54,67.26
706123|68.49,66.42,66.7,66.25
706009|55.0,61.06,60.07,60.04,55.0
707662|61.0,64.23,61.0,61.0,63.68
707607|59.42,56.59,56.59,56.44,55.0
706052|60.34,59.32,61.03,57.34,60.04
707687|52.0,56.74,56.74,51.98,55.25
