653102|6500.0,6498.69,4100.0,3800.0,3800.0
653094|7800.0,6399.99,2250.0,3709.0,3999.99
653114|3000.0,2200.0,1900.0,2000.0,2000.0
653098|2998.69,2300.0,2200.0,1847.99,1700.0
653104|2004.99,2000.0,1950.0,1950.0,1945.0
653110|1906.26,1904.99,1900.0,1890.11
653108|1100.0,1099.99,1099.95,969.01,970.0
653106|1601.24,2000.0,1599.99,900.0,750.19
653096|1099.45,1000.0,999.0,999.99,1170.4
653112|1300.0,1500.0,1001.0,795.0
653116|999.95,592.45,649.31,648.0
653100|749.99,800.0,755.97,1000.0,600.0
664913|6899.99,7400.0,6600.0,4899.99,4999.89
664930|2596.25,2596.77,2300.0,2300.0,3374.99
664938|2289.95,1000.0,1899.0,1898.67
666783|1300.0,1149.0,1199.01,1199.0
668213|1650.0,1649.99,1649.99,1199.99,999.99
668211|766.68,1025.0,900.0,835.0,800.0
666469|800.0,800.0,800.0,849.38,770.0
666787|681.01,550.0,700.0,639.0,645.0
664941|615.0,600.99,600.99,602.79,599.99
668215|650.0,615.0,600.0,575.0,565.96
665645|445.15,445.15,491.0,499.45,481.0
668208|599.99,300.53,499.5,500.0,450.0
684506|2000.0,1899.0,2000.0,1999.99,2259.69
685609|865.05,1301.49,1300.0
685522|1099.0,850.0,850.0
685607|895.01,720.0,704.0,650.0,620.0
685524|700.0,944.44,900.0,825.0
685525|724.99,488.81,721.99,749.95,889.45
685605|597.5,575.0,600.0,620.0,599.0
684502|750.0,850.0,850.0,475.49,450.0
684521|599.99,599.98,487.03,485.5,486.99
685526|659.99,659.99,503.12,504.69,650.0
684210|569.99,574.95,357.26,540.0,619.0
684504|355.65,722.22,599.98,594.99,467.58
709668|4000.0,3500.0,3900.0,3499.99,3000.0
709666|1313.33,1399.99,1359.99,1250.0,1252.99
709667|950.0,939.99,995.0,1060.68,1100.0
709103|1399.99,1398.95,1350.0,1200.0,1499.99
709669|1110.27,1100.0,1150.0,1240.0,1175.98
709304|668.0,669.69,669.69,678.9,681.39
709102|530.0,495.0,495.0,494.5,500.0
708197|440.19,430.0,441.5,420.69,485.0
708198|465.0,449.99,464.99,475.0,465.0
653101|360.0,390.0,360.0,360.0,395.0
653093|313.99,316.95,347.99
653109|165.0,164.0,169.98,172.0
653113|177.78,185.0,183.33,185.0,182.0
653097|130.0,143.0,138.21,129.0,129.0
653103|135.99,131.73,125.0,130.99
653111|111.0,108.39,118.49,109.0,108.0
653115|88.72,89.98,84.0,86.5,86.3
653105|82.49,82.49,81.99,79.51
653107|87.99,86.75,87.98,87.98,87.97
653095|67.25,69.95,62.87,68.65,68.64
653099|66.81,68.97,60.91,60.99,60.0
664881|652.95,700.0,800.0,850.0,765.0
664929|308.99,302.99,299.95,297.96,278.68
664937|249.99,276.03,298.42,300.0,289.95
668212|191.54,190.55,189.99,189.0,193.0
664882|205.99,210.0
666784|145.0,146.49,135.0,145.99,145.99
665134|107.69,110.0,118.49,119.0
666781|120.0,124.99,125.0,121.98
665133|158.99,158.7,168.51,78.04
666780|100.0,120.0,109.99,110.0,100.0
664931|122.46,110.0,120.95,110.0,185.99
664940|87.0,87.89,89.99,89.0,88.39
666465|85.9,98.49,93.5,70.0,99.99
666468|82.25,85.0,82.25,80.0,79.03
666788|80.0,80.0,78.67,78.67
668210|62.28,64.49,58.99,63.99
664933|68.2,69.51,69.5,70.01
666785|64.7,69.76,71.0,61.43,71.0
666789|65.0,64.99,64.8,65.53,62.99
668214|65.7,65.7,65.73,70.0
666779|67.0,65.0,64.99,62.0
666782|61.49,61.08,62.58,59.38
664944|52.99,45.0,45.5,46.0
666467|53.75,53.48,54.96,53.47
664932|59.48,55.03,59.25,49.0,55.0
666786|51.98,51.98,51.99,51.98,51.0
668209|52.0,54.15,54.94,48.17,60.0
664883|48.48,40.01,44.0,45.0,40.0
664942|46.0,46.49,48.48,47.99
665644|42.19,39.99,41.31,40.0
685925|3300.0,2999.0,2550.0,2200.0,2000.0
684505|245.0,245.66,246.26,245.0
684632|201.81,175.0,225.0,220.0
684633|190.29,182.0,179.99
685608|127.01,134.95,126.01,128.0,130.0
684628|128.95,128.0,122.28,128.95,125.0
684635|108.0,109.99
684638|119.99,120.0,119.99,120.0
684636|101.98,105.0,115.62,107.06,113.06
685603|135.99,149.95,73.96,150.0
685606|102.31,99.99,102.99,102.99,100.0
685604|99.73,101.67,96.82,98.99,95.0
685521|82.0,90.31,82.31,80.0,91.17
684501|88.5,84.99,75.46,84.74,84.74
685602|67.0,68.99,68.98,74.0,73.74
684507|73.99,96.49,95.0,70.43
684503|72.47,70.0,71.49,74.0
684517|52.0,57.64,53.01,52.16,55.99
685527|45.45,43.0,42.0,40.99,42.0
706095|459.95,441.01,440.0,450.0
706033|264.99,258.02,298.5,289.95,274.05
706111|229.24,230.33,223.49,230.0,234.99
707626|199.0,200.0,199.5,224.99,208.99
706059|192.15,191.53,191.48,188.0,179.99
707650|199.99,235.0,250.0,244.01,210.0
706014|157.25,150.0,178.6,164.51,165.0
707627|167.95,166.45,167.95,137.53,135.0
707646|134.99,136.45,130.0,125.0,150.7
706047|123.0,120.0,120.0,123.95,123.95
706091|154.0,150.0,140.0,144.0
707660|122.61,111.5,114.97,113.48,113.0
706118|130.0,124.99,122.0,130.0,107.99
706029|100.0,100.0,100.0,99.6,97.3
706039|101.89,100.39,100.0,109.0
706061|114.53,109.0,149.99,105.94,104.41
707655|98.61,98.0,98.0,97.99,97.99
707631|86.78,86.0,88.0,87.0,97.16
706046|95.99,95.9,94.0,94.99,95.74
707693|83.2,85.0,83.25,84.99,86.81
707658|84.0,85.04,85.04,84.32,82.65
706024|79.2,78.71,82.41,80.75,79.99
706119|80.0,78.35,78.1,76.61,76.49
707678|73.47,74.0,79.0,74.91,76.99
707675|67.0,67.06,68.0,67.0,67.9
706123|64.31,64.99,65.0,68.49
706009|59.95,61.94,60.82,63.27,55.0
707662|62.63,65.47,61.0,64.23,61.0
707607|55.0,56.0,55.0,55.8,55.0
706052|64.62,65.95,60.34,59.32,61.03
707687|57.96,58.75,57.4,53.99,55.76
